    col0  col1  col2  col3
12   NaN   8.0  ID_0   4.0
2    0.0   7.0  ID_5   8.0
5    0.0   7.0  ID_7   3.0
8    4.0   6.0  ID_7   5.0
10   7.0   6.0  ID_6   1.0
16   7.0   5.0  ID_8   3.0
6    6.0   5.0  ID_8   0.0
1    1.0   5.0  ID_7   2.0
14   5.0   5.0  ID_4   6.0
11   4.0   4.0  ID_4   0.0
13   0.0   4.0  ID_5   NaN
18   5.0   3.0  ID_2   8.0
7    4.0   3.0  ID_7   0.0
3    7.0   2.0  ID_6   7.0
4    7.0   2.0  ID_6   5.0
0    0.0   1.0   NaN   6.0
9    0.0   1.0  ID_1   4.0
15   7.0   0.0  ID_8   6.0
17   7.0   NaN  ID_1   5.0
19   4.0   NaN  ID_0   2.0